0.000000 27.414214 13.414214 12.414214 43.414214 23.414214 59.414214 180.651804 24.798990 37.384776 65.384776 50.384776 61.870058 42.556349 31.455844 57.112698 55.769553 71.183766 48.526912 41.597980 50.698485 43.627417 60.698485 59.154329 76.982756 54.012193 52.526912 57.213203 65.426407 71.053824 67.254834 82.781746 77.526912 75.568542 123.267027 84.053824 118.012193 95.923882 93.526912 131.681241 101.882251 142.781746 105.526912 56.597980 131.024387 115.024387 156.852814 115.882251 131.580736 147.580736 197.137085 146.426407 129.438600 132.923882 140.651804 139.355339 135.526912 158.137085 173.911688 152.752309 149.012193 157.568542 209.396970 150.526912 192.468037 173.468037 164.254834 164.112698 173.639610 200.610173 184.024387 172.752309 194.509668 177.112698 180.669048 188.722871 188.468037 185.752309 199.622366 203.781746 199.923882 191.526912 194.426407 199.396970 213.166522 248.622366 209.254834 205.526912 215.053824 220.852814 232.622366 227.237590 107.941125 135.267027 144.237590 169.379726 203.882251 217.710678 217.296465 150.012193
27.414214 0.000000 14.000000 39.000000 16.000000 50.000000 32.000000 168.468037 16.313708 14.071068 37.970563 22.970563 74.698485 55.384776 26.727922 69.941125 32.455844 43.769553 61.355339 28.242641 63.526912 40.556349 73.526912 44.627417 53.669048 41.828427 51.941125 54.970563 64.840620 58.870058 55.071068 67.669048 90.355339 74.982756 111.083261 71.870058 130.840620 83.740115 106.355339 119.497475 89.698485 130.597980 118.355339 69.426407 118.840620 102.840620 144.669048 103.698485 119.396970 135.396970 184.953319 151.639610 117.254834 120.740115 128.468037 152.183766 148.355339 145.953319 164.923882 140.568542 161.840620 166.438600 212.409163 163.355339 195.480231 178.823376 177.083261 176.941125 183.681241 203.622366 192.308658 160.568542 204.551299 189.941125 193.497475 176.539105 198.509668 173.568542 187.438600 213.823376 187.740115 204.355339 207.254834 209.438600 219.468037 236.438600 222.083261 218.355339 225.095454 230.894444 220.438600 220.024387 120.769553 123.083261 132.053824 157.195959 206.894444 220.722871 220.308658 145.710678
13.414214 14.000000 0.000000 25.000000 30.000000 36.000000 46.000000 174.267027 15.485281 23.970563 51.970563 36.970563 61.284271 41.970563 25.071068 56.526912 42.355339 57.769553 47.941125 34.041631 50.112698 37.242641 60.112698 50.426407 63.568542 47.627417 46.142136 50.828427 59.041631 64.669048 60.870058 73.468037 76.941125 69.183766 116.882251 77.669048 117.426407 89.539105 92.941125 125.296465 95.497475 136.396970 104.941125 56.012193 124.639610 108.639610 150.468037 109.497475 125.195959 141.195959 190.752309 145.840620 123.053824 126.539105 134.267027 138.769553 134.941125 151.752309 170.722871 146.367532 148.426407 156.982756 208.811183 149.941125 191.882251 172.882251 163.669048 163.526912 173.053824 200.024387 183.438600 166.367532 193.923882 176.526912 180.083261 182.338095 187.882251 179.367532 193.237590 203.195959 193.539105 190.941125 193.840620 198.811183 212.580736 242.237590 208.669048 204.941125 214.468037 220.267027 226.237590 225.823376 107.355339 128.882251 137.852814 162.994949 203.296465 217.124892 216.710678 149.426407
12.414214 39.000000 25.000000 0.000000 55.000000 11.000000 71.000000 190.480231 36.384776 48.970563 76.970563 61.970563 71.698485 52.384776 41.284271 66.941125 67.355339 82.769553 58.355339 53.183766 60.526912 53.455844 70.526912 70.740115 88.568542 63.840620 62.355339 67.041631 75.254834 80.882251 77.083261 94.367532 87.355339 85.396970 133.095454 93.882251 127.840620 105.752309 103.355339 141.509668 111.710678 152.610173 115.355339 66.426407 140.852814 124.852814 166.681241 125.710678 141.409163 157.409163 206.965512 156.254834 139.267027 142.752309 150.480231 149.183766 145.355339 167.965512 183.740115 162.580736 158.840620 167.396970 219.225397 160.355339 202.296465 183.296465 174.083261 173.941125 183.468037 210.438600 193.852814 182.580736 204.338095 186.941125 190.497475 198.551299 198.296465 195.580736 209.450793 213.610173 209.752309 201.355339 204.254834 209.225397 222.994949 258.450793 219.083261 215.355339 224.882251 230.681241 242.450793 237.066017 117.769553 145.095454 154.066017 179.208153 213.710678 227.539105 227.124892 159.840620
43.414214 16.000000 30.000000 55.000000 0.000000 66.000000 16.000000 161.840620 29.384776 16.556349 21.970563 12.828427 90.698485 71.384776 34.526912 85.941125 25.828427 33.041631 77.355339 32.384776 79.526912 47.183766 89.526912 38.000000 47.041631 46.798990 58.568542 61.597980 71.468037 52.242641 57.556349 61.041631 106.355339 81.610173 104.455844 65.242641 131.041631 77.112698 122.355339 112.870058 83.071068 123.970563 134.355339 85.426407 112.213203 96.213203 138.041631 97.071068 112.769553 128.769553 178.325902 145.012193 110.627417 114.112698 121.840620 150.568542 162.396970 139.325902 158.296465 133.941125 159.882251 159.811183 205.781746 168.610173 188.852814 172.195959 172.639610 181.610173 177.053824 196.994949 185.681241 153.941125 197.923882 194.610173 188.225397 169.911688 191.882251 166.941125 180.811183 207.195959 181.112698 209.024387 204.468037 202.811183 212.840620 229.811183 217.639610 223.024387 218.468037 224.267027 213.811183 213.396970 136.769553 116.455844 125.426407 150.568542 200.267027 214.095454 213.681241 139.083261
23.414214 50.000000 36.000000 11.000000 66.000000 0.000000 82.000000 201.480231 47.384776 59.970563 87.970563 72.970563 82.698485 63.384776 52.284271 77.941125 78.355339 93.769553 69.355339 64.183766 71.526912 64.455844 81.526912 81.740115 99.568542 74.840620 73.355339 78.041631 86.254834 91.882251 88.083261 105.367532 98.355339 96.396970 144.095454 104.882251 138.840620 116.752309 114.355339 152.509668 122.710678 163.610173 126.355339 77.426407 151.852814 135.852814 177.681241 136.710678 152.409163 168.409163 217.965512 167.254834 150.267027 153.752309 161.480231 160.183766 156.355339 178.965512 194.740115 173.580736 169.840620 178.396970 230.225397 171.355339 213.296465 194.296465 185.083261 184.941125 194.468037 221.438600 204.852814 193.580736 215.338095 197.941125 201.497475 209.551299 209.296465 206.580736 220.450793 224.610173 220.752309 212.355339 215.254834 220.225397 233.994949 269.450793 230.083261 226.355339 235.882251 241.681241 253.450793 248.066017 128.769553 156.095454 165.066017 190.208153 224.710678 238.539105 238.124892 170.840620
59.414214 32.000000 46.000000 71.000000 16.000000 82.000000 0.000000 155.213203 45.384776 31.970563 12.414214 18.970563 106.698485 87.384776 50.526912 101.941125 30.798990 26.414214 93.355339 40.183766 95.526912 57.911688 105.526912 44.627417 40.414214 53.426407 73.396970 68.225397 84.539105 56.384776 64.183766 54.414214 122.355339 97.024387 107.769553 69.384776 134.355339 70.485281 138.355339 116.183766 85.556349 127.284271 150.355339 101.426407 115.526912 99.526912 141.355339 99.556349 116.083261 132.083261 171.698485 148.325902 113.941125 107.485281 125.154329 153.882251 165.710678 132.698485 154.941125 127.313708 163.195959 163.124892 209.095454 171.923882 192.166522 175.509668 175.953319 184.923882 180.367532 200.308658 188.994949 147.313708 201.237590 197.923882 191.539105 163.284271 195.195959 160.313708 174.183766 210.509668 174.485281 212.338095 207.781746 206.124892 206.213203 223.183766 220.953319 226.338095 221.781746 218.769553 207.183766 206.769553 144.426407 119.769553 118.798990 143.941125 203.580736 217.409163 216.994949 142.396970
180.651804 168.468037 174.267027 190.480231 161.840620 201.480231 155.213203 0.000000 158.781746 154.396970 142.798990 149.012193 210.338095 194.338095 149.195959 205.580736 136.012193 128.798990 196.994949 140.225397 199.166522 140.539105 199.024387 123.840620 114.798990 126.639610 151.053824 135.740115 153.911688 109.597980 117.497475 100.798990 183.852814 162.254834 121.769553 98.941125 148.355339 85.556349 167.852814 129.597980 94.870058 139.911688 155.852814 205.066017 128.941125 112.941125 137.053824 105.355339 129.497475 124.325902 16.485281 130.568542 119.740115 48.556349 134.468037 123.296465 125.852814 72.698485 94.941125 30.384776 110.710678 103.325902 97.597980 119.053824 84.727922 90.941125 101.911688 112.254834 87.254834 76.384776 77.455844 9.071068 65.213203 106.870058 94.284271 8.071068 79.455844 10.899495 20.142136 66.485281 27.556349 102.899495 91.899495 79.899495 55.142136 72.112698 95.698485 108.698485 81.698485 67.698485 56.112698 55.698485 158.426407 133.769553 58.798990 83.941125 88.284271 107.669048 96.183766 120.497475
24.798990 16.313708 15.485281 36.384776 29.384776 47.384776 45.384776 158.781746 0.000000 13.414214 41.414214 26.414214 61.313708 42.000000 10.414214 56.556349 30.970563 46.384776 47.970563 18.556349 50.142136 24.242641 60.142136 34.941125 52.183766 32.142136 35.627417 38.656854 48.526912 49.183766 45.384776 57.982756 76.970563 58.669048 101.396970 62.183766 117.455844 74.053824 92.970563 109.811183 80.012193 120.911688 104.970563 56.041631 109.154329 93.154329 134.982756 94.012193 109.710678 125.710678 175.267027 141.953319 107.568542 111.053824 118.781746 138.798990 134.970563 136.267027 155.237590 130.882251 148.455844 156.752309 202.722871 149.970563 185.793939 169.137085 163.698485 163.556349 173.083261 193.936075 182.622366 150.882251 193.953319 176.556349 180.112698 166.852814 187.911688 163.882251 177.752309 203.225397 178.053824 190.970563 193.870058 198.840620 209.781746 226.752309 208.698485 204.970563 214.497475 220.296465 210.752309 210.338095 107.384776 113.396970 122.367532 147.509668 197.208153 211.036580 210.622366 136.024387
37.384776 14.071068 23.970563 48.970563 16.556349 59.970563 31.970563 154.396970 13.414214 0.000000 28.000000 13.000000 74.727922 55.414214 18.556349 69.970563 18.384776 33.798990 61.384776 15.828427 63.556349 30.627417 73.556349 30.556349 39.597980 30.242641 42.012193 45.041631 54.911688 44.798990 41.000000 53.597980 90.384776 65.053824 97.012193 57.798990 123.597980 69.669048 106.384776 105.426407 75.627417 116.526912 118.384776 69.455844 104.769553 88.769553 130.597980 89.627417 105.325902 121.325902 170.882251 137.568542 103.183766 106.669048 114.396970 143.124892 148.384776 131.882251 150.852814 126.497475 152.438600 152.367532 198.338095 161.166522 181.409163 164.752309 165.195959 174.166522 169.610173 189.551299 178.237590 146.497475 190.480231 187.166522 180.781746 162.468037 184.438600 159.497475 173.367532 199.752309 173.669048 201.580736 197.024387 195.367532 205.396970 222.367532 210.195959 215.580736 211.024387 216.823376 206.367532 205.953319 120.798990 109.012193 117.982756 143.124892 192.823376 206.651804 206.237590 131.639610
65.384776 37.970563 51.970563 76.970563 21.970563 87.970563 12.414214 142.798990 41.414214 28.000000 0.000000 15.000000 102.727922 83.414214 46.556349 97.970563 20.384776 14.000000 89.384776 36.213203 91.556349 53.941125 101.556349 33.041631 28.000000 43.012193 69.426407 60.740115 80.568542 44.798990 52.597980 42.000000 118.384776 93.053824 96.183766 57.798990 122.769553 58.071068 134.384776 104.597980 73.970563 115.698485 146.384776 97.455844 103.941125 87.941125 129.769553 87.970563 104.497475 120.497475 159.284271 136.740115 102.355339 95.071068 113.568542 142.296465 154.124892 120.284271 142.526912 114.899495 151.610173 151.539105 197.509668 160.338095 180.580736 163.923882 164.367532 173.338095 168.781746 188.722871 177.409163 134.899495 189.651804 186.338095 179.953319 150.870058 183.610173 147.899495 161.769553 198.923882 162.071068 200.752309 196.195959 194.539105 193.798990 210.769553 209.367532 214.752309 210.195959 206.355339 194.769553 194.355339 132.840620 108.183766 106.384776 131.526912 191.994949 205.823376 205.409163 130.811183
50.384776 22.970563 36.970563 61.970563 12.828427 72.970563 18.970563 149.012193 26.414214 13.000000 15.000000 0.000000 87.727922 68.414214 31.556349 82.970563 13.000000 20.798990 74.384776 21.213203 76.556349 38.941125 86.556349 26.828427 34.213203 35.627417 54.426407 50.426407 65.568542 39.414214 46.384776 48.213203 103.384776 78.053824 91.627417 52.414214 118.213203 64.284271 119.384776 100.041631 70.242641 111.142136 131.384776 82.455844 99.384776 83.384776 125.213203 84.242641 99.941125 115.941125 165.497475 132.183766 97.798990 101.284271 109.012193 137.740115 149.568542 126.497475 145.468037 121.112698 147.053824 146.982756 192.953319 155.781746 176.024387 159.367532 159.811183 168.781746 164.225397 184.166522 172.852814 141.112698 185.095454 181.781746 175.396970 157.083261 179.053824 154.112698 167.982756 194.367532 168.284271 196.195959 191.639610 189.982756 200.012193 216.982756 204.811183 210.195959 205.639610 211.438600 200.982756 200.568542 128.284271 103.627417 112.597980 137.740115 187.438600 201.267027 200.852814 126.254834
61.870058 74.698485 61.284271 71.698485 90.698485 82.698485 106.698485 210.338095 61.313708 74.727922 102.727922 87.727922 0.000000 32.727922 61.142136 7.242641 88.970563 104.384776 30.656854 74.798990 19.899495 73.313708 34.041631 92.355339 110.183766 83.698485 82.213203 86.899495 95.112698 100.740115 96.941125 115.982756 45.597980 105.254834 115.982756 113.740115 86.083261 126.781746 61.597980 152.095454 131.568542 139.296465 73.597980 14.142136 144.953319 144.710678 127.325902 145.568542 144.396970 128.396970 220.965512 114.497475 157.325902 162.610173 144.396970 107.426407 103.597980 161.740115 141.982756 182.438600 117.083261 125.639610 177.468037 118.597980 160.539105 141.539105 132.325902 132.183766 141.710678 168.681241 152.095454 202.438600 162.580736 145.183766 148.740115 218.409163 156.539105 215.438600 229.308658 171.852814 214.965512 159.597980 162.497475 167.468037 181.237590 216.693434 177.325902 173.597980 183.124892 188.923882 200.693434 195.308658 76.012193 103.982756 173.923882 152.982756 171.953319 185.781746 185.367532 118.083261
42.556349 55.384776 41.970563 52.384776 71.384776 63.384776 87.384776 194.338095 42.000000 55.414214 83.414214 68.414214 32.727922 0.000000 45.142136 27.970563 72.970563 88.384776 13.000000 58.798990 20.970563 57.313708 26.828427 76.355339 94.183766 67.698485 66.213203 70.899495 79.112698 84.740115 80.941125 99.982756 42.000000 89.254834 114.041631 97.740115 84.142136 110.781746 58.000000 145.367532 115.568542 137.355339 70.000000 26.870058 143.012193 128.710678 125.384776 129.568542 142.455844 126.455844 210.823376 112.556349 143.124892 146.610173 142.455844 105.485281 100.000000 159.798990 140.041631 166.438600 115.142136 123.698485 175.526912 115.000000 158.597980 139.597980 130.384776 129.414214 139.769553 166.740115 150.154329 186.438600 160.639610 142.414214 146.798990 202.409163 154.597980 199.438600 213.308658 169.911688 213.024387 156.000000 160.556349 165.526912 179.296465 214.752309 175.384776 170.000000 181.183766 186.982756 198.752309 193.367532 74.071068 102.041631 157.923882 151.041631 170.012193 183.840620 183.426407 116.142136
31.455844 26.727922 25.071068 41.284271 34.526912 52.284271 50.526912 149.195959 10.414214 18.556349 46.556349 31.556349 61.142136 45.142136 0.000000 56.384776 27.828427 43.242641 47.798990 13.656854 49.970563 13.828427 59.970563 31.213203 49.041631 22.556349 25.213203 28.242641 38.112698 39.597980 35.798990 54.840620 76.798990 48.254834 91.811183 52.597980 117.284271 65.639610 92.798990 100.225397 70.426407 111.325902 104.798990 55.870058 99.568542 83.568542 125.396970 84.426407 100.124892 116.124892 165.681241 132.367532 97.982756 101.468037 109.195959 137.923882 134.798990 126.681241 145.651804 121.296465 147.237590 147.166522 193.137085 149.798990 176.208153 159.551299 159.994949 163.384776 164.409163 184.350288 173.036580 141.296465 185.279221 176.384776 175.580736 157.267027 179.237590 154.296465 168.166522 194.551299 168.468037 190.798990 191.823376 190.166522 200.195959 217.166522 204.994949 204.798990 205.823376 211.622366 201.166522 200.752309 107.213203 103.811183 112.781746 137.923882 187.622366 201.450793 201.036580 126.438600
57.112698 69.941125 56.526912 66.941125 85.941125 77.941125 101.941125 205.580736 56.556349 69.970563 97.970563 82.970563 7.242641 27.970563 56.384776 0.000000 84.213203 99.627417 23.414214 70.041631 12.656854 68.556349 26.798990 87.597980 105.426407 78.941125 77.455844 82.142136 90.355339 95.982756 92.183766 111.225397 39.526912 100.497475 109.911688 108.982756 80.012193 122.024387 55.526912 146.024387 126.811183 133.225397 67.526912 8.656854 138.882251 139.953319 121.254834 140.811183 138.325902 122.325902 214.894444 108.426407 151.254834 157.852814 138.325902 101.355339 97.526912 155.669048 135.911688 177.681241 111.012193 119.568542 171.396970 112.526912 154.468037 135.468037 126.254834 126.112698 135.639610 162.610173 146.024387 197.681241 156.509668 139.112698 142.669048 213.651804 150.468037 210.681241 224.551299 165.781746 208.894444 153.526912 156.426407 161.396970 175.166522 210.622366 171.254834 167.526912 177.053824 182.852814 194.622366 189.237590 69.941125 97.911688 169.166522 146.911688 165.882251 179.710678 179.296465 112.012193
55.769553 32.455844 42.355339 67.355339 25.828427 78.355339 30.798990 136.012193 30.970563 18.384776 20.384776 13.000000 88.970563 72.970563 27.828427 84.213203 0.000000 15.414214 75.627417 15.828427 77.798990 33.556349 87.798990 13.828427 21.213203 22.627417 49.041631 40.355339 60.183766 26.414214 33.384776 35.213203 104.627417 72.669048 78.627417 39.414214 105.213203 51.284271 120.627417 87.041631 57.242641 98.142136 131.012193 83.698485 86.384776 70.384776 112.213203 71.242641 86.941125 102.941125 152.497475 119.183766 84.798990 88.284271 96.012193 124.740115 136.568542 113.497475 132.468037 108.112698 134.053824 133.982756 179.953319 142.781746 163.024387 146.367532 146.811183 155.781746 151.225397 171.166522 159.852814 128.112698 172.095454 168.781746 162.396970 144.083261 166.053824 141.112698 154.982756 181.367532 155.284271 183.195959 178.639610 176.982756 187.012193 203.982756 191.811183 197.195959 192.639610 198.438600 187.982756 187.568542 115.284271 90.627417 99.597980 124.740115 174.438600 188.267027 187.852814 113.254834
71.183766 43.769553 57.769553 82.769553 33.041631 93.769553 26.414214 128.798990 46.384776 33.798990 14.000000 20.798990 104.384776 88.384776 43.242641 99.627417 15.414214 0.000000 91.041631 30.414214 93.213203 48.142136 103.213203 21.970563 14.000000 37.213203 63.627417 54.941125 74.769553 30.798990 39.183766 28.000000 120.041631 87.254834 82.183766 43.798990 108.769553 44.071068 134.911688 90.597980 59.970563 101.698485 134.568542 99.112698 89.941125 73.941125 115.769553 73.970563 90.497475 106.497475 145.284271 122.740115 88.355339 81.071068 99.568542 128.296465 140.124892 106.284271 128.526912 100.899495 137.610173 137.539105 183.509668 146.338095 166.580736 149.923882 150.367532 159.338095 154.781746 174.722871 163.409163 120.899495 175.651804 172.338095 165.953319 136.870058 169.610173 133.899495 147.769553 184.923882 148.071068 186.752309 182.195959 180.539105 179.798990 196.769553 195.367532 200.752309 196.195959 192.355339 180.769553 180.355339 118.840620 94.183766 92.384776 117.526912 177.994949 191.823376 191.409163 116.811183
48.526912 61.355339 47.941125 58.355339 77.355339 69.355339 93.355339 196.994949 47.970563 61.384776 89.384776 74.384776 30.656854 13.000000 47.798990 23.414214 75.627417 91.041631 0.000000 61.455844 13.242641 59.970563 13.828427 79.012193 96.840620 70.355339 68.870058 73.556349 81.769553 87.396970 83.597980 102.639610 29.000000 91.911688 101.041631 100.396970 71.142136 113.438600 45.000000 137.154329 118.225397 124.355339 57.000000 21.485281 130.012193 131.367532 112.384776 132.225397 129.455844 113.455844 206.024387 99.556349 142.384776 149.267027 129.455844 92.485281 87.000000 146.798990 127.041631 169.095454 102.142136 110.698485 162.526912 102.000000 145.597980 126.597980 117.384776 116.414214 126.769553 153.740115 137.154329 189.095454 147.639610 129.414214 133.798990 205.066017 141.597980 202.095454 215.965512 156.911688 200.024387 143.000000 147.556349 152.526912 166.296465 201.752309 162.384776 157.000000 168.183766 173.982756 185.752309 180.367532 61.071068 89.041631 160.580736 138.041631 157.012193 170.840620 170.426407 103.142136
41.597980 28.242641 34.041631 53.183766 32.384776 64.183766 40.183766 140.225397 18.556349 15.828427 36.213203 21.213203 74.798990 58.798990 13.656854 70.041631 15.828427 30.414214 61.455844 0.000000 63.627417 17.727922 73.627417 17.556349 35.384776 14.414214 33.213203 29.213203 44.355339 30.627417 26.828427 41.183766 90.455844 56.840620 82.840620 43.627417 109.426407 55.497475 106.455844 91.254834 61.455844 102.355339 118.455844 69.526912 90.597980 74.597980 116.426407 75.455844 91.154329 107.154329 156.710678 123.396970 89.012193 92.497475 100.225397 128.953319 140.781746 117.710678 136.681241 112.325902 138.267027 138.195959 184.166522 146.994949 167.237590 150.580736 151.024387 159.994949 155.438600 175.379726 164.066017 132.325902 176.308658 172.994949 166.610173 148.296465 170.267027 145.325902 159.195959 185.580736 159.497475 187.409163 182.852814 181.195959 191.225397 208.195959 196.024387 201.409163 196.852814 202.651804 192.195959 191.781746 119.497475 94.840620 103.811183 128.953319 178.651804 192.480231 192.066017 117.468037
50.698485 63.526912 50.112698 60.526912 79.526912 71.526912 95.526912 199.166522 50.142136 63.556349 91.556349 76.556349 19.899495 20.970563 49.970563 12.656854 77.798990 93.213203 13.242641 63.627417 0.000000 62.142136 14.142136 81.183766 99.012193 72.526912 71.041631 75.727922 83.941125 89.568542 85.769553 104.811183 30.970563 94.083261 101.355339 102.568542 71.455844 115.610173 46.970563 137.468037 120.396970 124.669048 58.970563 8.242641 130.325902 133.539105 112.698485 134.396970 129.769553 113.769553 206.338095 99.870058 142.698485 151.438600 129.769553 92.798990 88.970563 147.112698 127.355339 171.267027 102.455844 111.012193 162.840620 103.970563 145.911688 126.911688 117.698485 117.556349 127.083261 154.053824 137.468037 191.267027 147.953319 130.556349 134.112698 207.237590 141.911688 203.923882 217.994949 157.225397 200.338095 144.970563 147.870058 152.840620 166.610173 202.066017 162.698485 158.970563 168.497475 174.296465 186.066017 180.681241 61.384776 89.355339 161.012193 138.355339 157.325902 171.154329 170.740115 103.455844
43.627417 40.556349 37.242641 53.455844 47.183766 64.455844 57.911688 140.539105 24.242641 30.627417 53.941125 38.941125 73.313708 57.313708 13.828427 68.556349 33.556349 48.142136 59.970563 17.727922 62.142136 0.000000 72.142136 27.828427 45.656854 15.071068 15.485281 14.414214 26.627417 36.213203 23.627417 51.455844 88.970563 39.112698 79.639610 41.597980 106.225397 62.254834 104.970563 88.053824 58.254834 99.154329 116.970563 68.041631 87.396970 71.396970 113.225397 72.254834 87.953319 103.953319 157.024387 120.195959 85.811183 92.811183 97.024387 125.752309 137.580736 118.024387 133.480231 112.639610 135.066017 134.994949 180.965512 143.793939 164.036580 147.379726 147.823376 156.793939 152.237590 172.178716 160.865007 132.639610 173.107648 169.793939 163.409163 148.610173 167.066017 145.639610 159.509668 182.379726 159.811183 184.208153 179.651804 177.994949 191.539105 208.509668 192.823376 198.208153 193.651804 199.450793 192.509668 192.095454 116.296465 91.639610 104.124892 129.267027 175.450793 189.279221 188.865007 114.267027
60.698485 73.526912 60.112698 70.526912 89.526912 81.526912 105.526912 199.024387 60.142136 73.556349 101.556349 86.556349 34.041631 26.828427 59.970563 26.798990 87.798990 103.213203 13.828427 73.627417 14.142136 72.142136 0.000000 91.183766 109.012193 82.526912 81.041631 85.727922 93.941125 99.568542 95.769553 114.811183 16.828427 104.083261 87.213203 112.568542 57.313708 125.610173 32.828427 123.325902 115.769553 110.526912 44.828427 19.899495 116.183766 120.426407 98.556349 126.254834 115.627417 99.627417 192.195959 85.727922 128.556349 157.941125 115.627417 78.656854 74.828427 132.970563 113.213203 177.769553 88.313708 96.870058 148.698485 89.828427 131.769553 112.769553 103.556349 103.414214 112.941125 139.911688 123.325902 197.769553 133.811183 116.414214 119.970563 195.095454 127.769553 189.781746 203.852814 143.083261 186.195959 130.828427 133.727922 138.698485 152.468037 187.923882 148.556349 144.828427 154.355339 160.154329 171.923882 166.539105 47.242641 75.213203 146.870058 124.213203 143.183766 157.012193 156.597980 89.313708
59.154329 44.627417 50.426407 70.740115 38.000000 81.740115 44.627417 123.840620 34.941125 30.556349 33.041631 26.828427 92.355339 76.355339 31.213203 87.597980 13.828427 21.970563 79.012193 17.556349 81.183766 27.828427 91.183766 0.000000 17.828427 15.242641 41.656854 32.970563 52.798990 14.242641 19.556349 23.627417 108.012193 65.284271 66.455844 27.242641 93.041631 39.112698 119.183766 74.870058 45.071068 85.970563 118.840620 87.083261 74.213203 58.213203 100.041631 59.071068 74.769553 90.769553 140.325902 107.012193 72.627417 76.112698 83.840620 112.568542 124.396970 101.325902 120.296465 95.941125 121.882251 121.811183 167.781746 130.610173 150.852814 134.195959 134.639610 143.610173 139.053824 158.994949 147.681241 115.941125 159.923882 156.610173 150.225397 131.911688 153.882251 128.941125 142.811183 169.195959 143.112698 171.024387 166.468037 164.811183 174.840620 191.811183 179.639610 185.024387 180.468037 186.267027 175.811183 175.396970 103.112698 78.455844 87.426407 112.568542 162.267027 176.095454 175.681241 101.083261
76.982756 53.669048 63.568542 88.568542 47.041631 99.568542 40.414214 114.798990 52.183766 39.597980 28.000000 34.213203 110.183766 94.183766 49.041631 105.426407 21.213203 14.000000 96.840620 35.384776 99.012193 45.656854 109.012193 17.828427 0.000000 31.414214 57.828427 49.142136 68.970563 18.556349 33.384776 14.000000 125.840620 81.455844 68.183766 29.798990 94.769553 30.071068 120.911688 76.597980 45.970563 87.698485 120.568542 104.911688 75.941125 59.941125 101.769553 59.970563 76.497475 92.497475 131.284271 108.740115 74.355339 67.071068 85.568542 114.296465 126.124892 92.284271 114.526912 86.899495 123.610173 123.539105 169.509668 132.338095 152.580736 135.923882 136.367532 145.338095 140.781746 160.722871 149.409163 106.899495 161.651804 158.338095 151.953319 122.870058 155.610173 119.899495 133.769553 170.923882 134.071068 172.752309 168.195959 166.539105 165.798990 182.769553 181.367532 186.752309 182.195959 178.355339 166.769553 166.355339 104.840620 80.183766 78.384776 103.526912 163.994949 177.823376 177.409163 102.811183
54.012193 41.828427 47.627417 63.840620 46.798990 74.840620 53.426407 126.639610 32.142136 30.242641 43.012193 35.627417 83.698485 67.698485 22.556349 78.941125 22.627417 37.213203 70.355339 14.414214 72.526912 15.071068 82.526912 15.242641 31.414214 0.000000 26.414214 17.727922 37.556349 21.142136 13.242641 36.384776 99.355339 50.041631 69.254834 30.041631 95.840620 47.183766 115.355339 77.669048 47.870058 88.769553 121.639610 78.426407 77.012193 61.012193 102.840620 61.870058 77.568542 93.568542 143.124892 109.811183 75.426407 78.911688 86.639610 115.367532 127.195959 104.124892 123.095454 98.740115 124.681241 124.610173 170.580736 133.409163 153.651804 136.994949 137.438600 146.409163 141.852814 161.793939 150.480231 118.740115 162.722871 159.409163 153.024387 134.710678 156.681241 131.740115 145.610173 171.994949 145.911688 173.823376 169.267027 167.610173 177.639610 194.610173 182.438600 187.823376 183.267027 189.066017 178.610173 178.195959 105.911688 81.254834 90.225397 115.367532 165.066017 178.894444 178.480231 103.882251
52.526912 51.941125 46.142136 62.355339 58.568542 73.355339 73.396970 151.053824 35.627417 42.012193 69.426407 54.426407 82.213203 66.213203 25.213203 77.455844 49.041631 63.627417 68.870058 33.213203 71.041631 15.485281 81.041631 41.656854 57.828427 26.414214 0.000000 15.313708 12.899495 46.727922 33.556349 61.970563 97.870058 23.627417 86.639610 52.112698 113.225397 72.769553 113.870058 95.053824 65.254834 106.154329 125.870058 76.941125 94.396970 78.396970 120.225397 79.254834 94.953319 110.953319 167.539105 127.195959 92.811183 103.325902 104.024387 132.752309 144.580736 128.539105 140.480231 123.154329 142.066017 141.994949 187.965512 150.793939 171.036580 154.379726 154.823376 163.793939 159.237590 179.178716 167.865007 143.154329 180.107648 176.793939 170.409163 159.124892 174.066017 156.154329 170.024387 189.379726 170.325902 191.208153 186.651804 184.994949 198.764502 219.024387 199.823376 205.208153 200.651804 206.450793 203.024387 202.610173 123.296465 98.639610 114.639610 139.781746 182.450793 196.279221 195.865007 121.267027
57.213203 54.970563 50.828427 67.041631 61.597980 78.041631 68.225397 135.740115 38.656854 45.041631 60.740115 50.426407 86.899495 70.899495 28.242641 82.142136 40.355339 54.941125 73.556349 29.213203 75.727922 14.414214 85.727922 32.970563 49.142136 17.727922 15.313708 0.000000 19.828427 31.414214 18.242641 46.656854 102.556349 32.313708 71.325902 36.798990 97.911688 57.455844 118.556349 79.740115 49.941125 90.840620 123.710678 81.627417 79.083261 63.083261 104.911688 63.941125 79.639610 95.639610 152.225397 111.882251 77.497475 88.012193 88.710678 117.438600 129.267027 113.225397 125.166522 107.840620 126.752309 126.681241 172.651804 135.480231 155.722871 139.066017 139.509668 148.480231 143.923882 163.865007 152.551299 127.840620 164.793939 161.480231 155.095454 143.811183 158.752309 140.840620 154.710678 174.066017 155.012193 175.894444 171.338095 169.681241 183.450793 203.710678 184.509668 189.894444 185.338095 191.137085 187.710678 187.296465 107.982756 83.325902 99.325902 124.468037 167.137085 180.965512 180.551299 105.953319
65.426407 64.840620 59.041631 75.254834 71.468037 86.254834 84.539105 153.911688 48.526912 54.911688 80.568542 65.568542 95.112698 79.112698 38.112698 90.355339 60.183766 74.769553 81.769553 44.355339 83.941125 26.627417 93.941125 52.798990 68.970563 37.556349 12.899495 19.828427 0.000000 50.414214 36.414214 64.828427 110.769553 12.485281 89.497475 54.970563 116.083261 75.627417 126.769553 97.911688 68.112698 109.012193 138.769553 89.840620 97.254834 81.254834 123.083261 82.112698 97.811183 113.811183 170.396970 130.053824 95.669048 106.183766 106.882251 135.610173 147.438600 131.396970 143.338095 126.012193 144.923882 144.852814 190.823376 153.651804 173.894444 157.237590 157.681241 166.651804 162.095454 182.036580 170.722871 146.012193 182.965512 179.651804 173.267027 161.982756 176.923882 159.012193 172.882251 192.237590 173.183766 194.066017 189.509668 187.852814 201.622366 221.882251 202.681241 208.066017 203.509668 209.308658 205.882251 205.468037 126.154329 101.497475 117.497475 142.639610 185.308658 199.137085 198.722871 124.124892
71.053824 58.870058 64.669048 80.882251 52.242641 91.882251 56.384776 109.597980 49.183766 44.798990 44.798990 39.414214 100.740115 84.740115 39.597980 95.982756 26.414214 30.798990 87.396970 30.627417 89.568542 36.213203 99.568542 14.242641 18.556349 21.142136 46.727922 31.414214 50.414214 0.000000 14.828427 15.242641 116.396970 62.899495 52.213203 13.000000 78.798990 26.041631 104.941125 60.627417 30.828427 71.727922 104.597980 95.468037 59.970563 43.970563 85.798990 44.828427 60.526912 76.526912 126.083261 92.769553 58.384776 61.870058 69.597980 98.325902 110.154329 87.083261 106.053824 81.698485 107.639610 107.568542 153.539105 116.367532 136.610173 119.953319 120.396970 129.367532 124.811183 144.752309 133.438600 101.698485 145.681241 142.367532 135.982756 117.669048 139.639610 114.698485 128.568542 154.953319 128.870058 156.781746 152.225397 150.568542 160.597980 177.568542 165.396970 170.781746 166.225397 172.024387 161.568542 161.154329 88.870058 64.213203 73.183766 98.325902 148.024387 161.852814 161.438600 86.840620
67.254834 55.071068 60.870058 77.083261 57.556349 88.083261 64.183766 117.497475 45.384776 41.000000 52.597980 46.384776 96.941125 80.941125 35.798990 92.183766 33.384776 39.183766 83.597980 26.828427 85.769553 23.627417 95.769553 19.556349 33.384776 13.242641 33.556349 18.242641 36.414214 14.828427 0.000000 28.414214 112.597980 48.071068 56.012193 18.556349 82.597980 39.213203 108.740115 64.426407 34.627417 75.526912 108.396970 91.669048 63.769553 47.769553 89.597980 48.627417 64.325902 80.325902 133.982756 96.568542 62.183766 69.769553 73.396970 102.124892 113.953319 94.982756 109.852814 89.597980 111.438600 111.367532 157.338095 120.166522 140.409163 123.752309 124.195959 133.166522 128.610173 148.551299 137.237590 109.597980 149.480231 146.166522 139.781746 125.568542 143.438600 122.597980 136.468037 158.752309 136.769553 160.580736 156.024387 154.367532 168.137085 185.468037 169.195959 174.580736 170.024387 175.823376 169.468037 169.053824 92.669048 68.012193 81.083261 106.225397 151.823376 165.651804 165.237590 90.639610
82.781746 67.669048 73.468037 94.367532 61.041631 105.367532 54.414214 100.798990 57.982756 53.597980 42.000000 48.213203 115.982756 99.982756 54.840620 111.225397 35.213203 28.000000 102.639610 41.183766 104.811183 51.455844 114.811183 23.627417 14.000000 36.384776 61.970563 46.656854 64.828427 15.242641 28.414214 0.000000 122.911688 75.656854 54.183766 18.142136 80.769553 16.071068 106.911688 62.597980 31.970563 73.698485 106.568542 110.710678 61.941125 45.941125 87.769553 45.970563 62.497475 78.497475 117.284271 94.740115 60.355339 53.071068 71.568542 100.296465 112.124892 78.284271 100.526912 72.899495 109.610173 109.539105 155.509668 118.338095 138.580736 121.923882 122.367532 131.338095 126.781746 146.722871 135.409163 92.899495 147.651804 144.338095 137.953319 108.870058 141.610173 105.899495 119.769553 156.923882 120.071068 158.752309 154.195959 152.539105 151.798990 168.769553 167.367532 172.752309 168.195959 164.355339 152.769553 152.355339 90.840620 66.183766 64.384776 89.526912 149.994949 163.823376 163.409163 88.811183
77.526912 90.355339 76.941125 87.355339 106.355339 98.355339 122.355339 183.852814 76.970563 90.384776 118.384776 103.384776 45.597980 42.000000 76.798990 39.526912 104.627417 120.041631 29.000000 90.455844 30.970563 88.970563 16.828427 108.012193 125.840620 99.355339 97.870058 102.556349 110.769553 116.396970 112.597980 122.911688 0.000000 120.911688 72.041631 107.941125 42.142136 118.012193 16.000000 108.154329 100.597980 95.355339 28.000000 31.455844 101.012193 105.254834 83.384776 111.083261 100.455844 84.455844 177.024387 70.556349 113.384776 142.769553 100.455844 63.485281 58.000000 117.798990 98.041631 162.597980 73.142136 81.698485 133.526912 73.000000 116.597980 97.597980 88.384776 87.414214 97.769553 124.740115 108.154329 182.597980 118.639610 100.414214 104.798990 179.923882 112.597980 174.610173 188.681241 127.911688 171.024387 114.000000 118.556349 123.526912 137.296465 172.752309 133.384776 128.000000 139.183766 144.982756 156.752309 151.367532 32.071068 60.041631 131.698485 109.041631 128.012193 141.840620 141.426407 74.142136
75.568542 74.982756 69.183766 85.396970 81.610173 96.396970 97.024387 162.254834 58.669048 65.053824 93.053824 78.053824 105.254834 89.254834 48.254834 100.497475 72.669048 87.254834 91.911688 56.840620 94.083261 39.112698 104.083261 65.284271 81.455844 50.041631 23.627417 32.313708 12.485281 62.899495 48.071068 75.656854 120.911688 0.000000 97.840620 63.313708 124.426407 83.970563 136.911688 106.254834 76.455844 117.355339 148.911688 99.982756 105.597980 89.597980 131.426407 90.455844 106.154329 122.154329 178.740115 138.396970 104.012193 114.526912 115.225397 143.953319 155.781746 139.740115 151.681241 134.355339 153.267027 153.195959 199.166522 161.994949 182.237590 165.580736 166.024387 174.994949 170.438600 190.379726 179.066017 154.355339 191.308658 187.994949 181.610173 170.325902 185.267027 167.355339 181.225397 200.580736 181.526912 202.409163 197.852814 196.195959 209.965512 230.225397 211.024387 216.409163 211.852814 217.651804 214.225397 213.811183 134.497475 109.840620 125.840620 150.982756 193.651804 207.480231 207.066017 132.468037
123.267027 111.083261 116.882251 133.095454 104.455844 144.095454 107.769553 121.769553 101.396970 97.012193 96.183766 91.627417 115.982756 114.041631 91.811183 109.911688 78.627417 82.183766 101.041631 82.840620 101.355339 79.639610 87.213203 66.455844 68.183766 69.254834 86.639610 71.325902 89.497475 52.213203 56.012193 54.183766 72.041631 97.840620 0.000000 39.213203 29.899495 49.284271 56.041631 53.769553 31.870058 64.870058 55.698485 101.840620 53.112698 37.112698 78.941125 42.941125 53.669048 69.669048 138.254834 85.911688 51.526912 74.041631 62.740115 84.941125 82.769553 99.254834 99.195959 93.870058 94.597980 100.710678 146.681241 97.769553 129.752309 113.095454 109.840620 111.355339 117.953319 137.894444 126.580736 113.870058 138.823376 124.355339 126.254834 129.840620 132.781746 126.870058 140.740115 148.095454 141.041631 138.769553 140.012193 143.710678 157.480231 189.740115 154.840620 152.769553 159.367532 165.166522 173.740115 171.551299 39.970563 12.000000 85.355339 109.610173 141.166522 154.994949 154.580736 79.982756
84.053824 71.870058 77.669048 93.882251 65.242641 104.882251 69.384776 98.941125 62.183766 57.798990 57.798990 52.414214 113.740115 97.740115 52.597980 108.982756 39.414214 43.798990 100.396970 43.627417 102.568542 41.597980 112.568542 27.242641 29.798990 30.041631 52.112698 36.798990 54.970563 13.000000 18.556349 18.142136 107.941125 63.313708 39.213203 0.000000 65.798990 20.656854 91.941125 47.627417 17.828427 58.727922 91.597980 108.468037 46.970563 30.970563 72.798990 31.828427 47.526912 63.526912 115.426407 79.769553 45.384776 51.213203 56.597980 85.325902 97.154329 76.426407 93.053824 71.041631 94.639610 94.568542 140.539105 103.367532 123.610173 106.953319 107.396970 116.367532 111.811183 131.752309 120.438600 91.041631 132.681241 129.367532 122.982756 107.012193 126.639610 104.041631 117.911688 141.953319 118.213203 143.781746 139.225397 137.568542 149.941125 166.911688 152.396970 157.781746 153.225397 159.024387 150.911688 150.497475 75.870058 51.213203 62.526912 87.669048 135.024387 148.852814 148.438600 73.840620
118.012193 130.840620 117.426407 127.840620 131.041631 138.840620 134.355339 148.355339 117.455844 123.597980 122.769553 118.213203 86.083261 84.142136 117.284271 80.012193 105.213203 108.769553 71.142136 109.426407 71.455844 106.225397 57.313708 93.041631 94.769553 95.840620 113.225397 97.911688 116.083261 78.798990 82.597980 80.769553 42.142136 124.426407 29.899495 65.798990 0.000000 75.870058 26.142136 79.769553 58.455844 86.911688 25.798990 71.941125 79.112698 63.112698 74.941125 68.941125 79.669048 76.012193 164.840620 62.112698 77.526912 100.627417 88.740115 55.041631 52.870058 109.355339 89.597980 120.455844 64.698485 73.254834 125.083261 67.870058 108.154329 89.154329 79.941125 81.455844 89.325902 116.296465 99.710678 140.455844 110.195959 94.455844 96.355339 156.426407 104.154329 153.455844 167.325902 119.468037 162.580736 108.870058 110.112698 115.083261 128.852814 164.308658 124.941125 122.870058 130.740115 136.539105 148.308658 142.923882 10.071068 17.899495 111.941125 100.597980 119.568542 133.396970 132.982756 65.698485
